3.686329
3.686517
3.686367
3.686433
3.686417
3.686017
3.685926
3.685991
3.686001
3.685963
3.685934
3.685633
3.685633
3.685612
3.685579
3.685459
3.685379
3.685308
3.685233
3.685141
3.685034
3.684963
3.684850
3.684745
3.684742
3.684480
3.684291
3.684279
3.684229
3.684204
3.684008
3.684008
3.683909
3.683880
3.683658
3.683604
3.683466
3.683471
3.683388
3.683288
3.683125
3.682966
3.683071
3.682929
3.682854
3.682700
3.682675
3.682518
3.682496
3.682355
3.682254
3.682201
3.682125
3.681995
3.682025
3.681846
3.681259
3.681513
3.681462
3.681446
3.681338
3.681243
3.681121
3.681087
3.681009
3.680858
3.680771
3.680654
3.680762
3.680567
3.680447
3.680355
3.680121
3.680238
3.680200
3.679971
3.679929
3.679884
3.679826
3.679834
3.679584
3.679496
3.679450
3.679350
3.679321
3.679184
3.678463
3.678650
3.678692
3.678608
3.678458
3.678321
3.678312
3.678275
3.678300
3.678196
3.678100
3.678055
3.678001
3.677875
3.677826
3.677475
3.677500
3.677435
3.677562
3.677284
3.677217
3.677226
3.677100
3.676975
3.677000
3.676896
3.676737
3.676709
3.676637
3.676504
3.675780
3.676042
3.676021
3.675941
3.675896
3.675805
3.675721
3.675654
3.675651
3.675493
3.675467
3.675383
3.675246
3.675191
3.675097
3.674963
3.674916
3.674780
3.674792
3.674621
3.674484
3.674450
3.674384
3.674200
3.673963
3.673870
3.673892
3.673800
3.673704
3.673692
3.673550
3.673034
3.673163
3.673112
3.673008
3.672867
3.672950
3.672962
3.672780
3.672554
3.672746
3.672296
3.672426
3.672355
3.672154
3.672146
3.672034
3.671984
3.671987
3.671817
3.671659
3.671709
3.671579
3.671463
3.671371
3.671329
3.671167
3.671171
3.671054
3.671063
3.670988
3.670784
3.670751
3.669708
3.670120
3.670100
3.670166
3.670059
3.669924
3.669921
3.669767
3.669738
3.669663
3.669521
3.669442
3.669392
3.669242
3.669104
3.668925
3.668821
3.668759
3.668654
3.668638
3.668505
3.668392
3.668287
3.668175
3.668133
3.668001
3.667879
3.667767
3.667696
3.667670
3.666575
3.666971
3.666996
3.666984
3.666858
3.666646
3.666492
3.666284
3.666188
3.666238
3.666075
3.665996
3.665875
3.665713
3.665684
3.665629
3.665329
3.665279
3.665233
3.665167
3.664955
3.664875
3.664755
3.664717
3.664625
3.664350
3.664225
3.664146
3.664037
3.664029
3.663484
3.663525
3.663517
3.663476
3.663417
3.663358
3.663213
3.663108
3.663059
3.662950
3.662812
3.662671
3.662613
3.662408
3.662304
3.662021
3.661925
3.661887
3.661867
3.661745
3.661596
3.661426
3.661246
3.661229
3.661117
3.661100
3.660839
3.660833
3.660617
3.660583
3.660496
3.659634
3.659908
3.659833
3.659867
3.659796
3.659654
3.659492
3.659383
3.659383
3.659059
3.659079
3.658958
3.658880
3.658720
3.658671
3.658475
3.658438
3.658346
3.658221
3.658092
3.657996
3.657941
3.657704
3.657659
3.657496
3.657501
3.657317
3.657158
3.657084
3.656967
3.656038
3.656326
3.656341
3.656204
3.656224
3.656096
3.655938
3.655942
3.655876
3.655646
3.655509
3.655521
3.655396
3.655241
3.655188
3.654901
3.654783
3.654642
3.654683
3.654659
3.654559
3.654325
3.654192
3.654117
3.654071
3.653929
3.653912
3.653646
3.653667
3.653554
3.653420
3.652742
3.653042
3.652921
3.652929
3.652851
3.652701
3.652629
3.652554
3.652217
3.652217
3.652112
3.652167
3.651979
3.651938
3.651880
3.651654
3.651467
3.651505
3.651421
3.651092
3.651221
3.650984
3.650984
3.651058
3.650858
3.650904
3.650837
3.650697
3.650613
3.650563
3.650000
3.649946
3.649979
3.650067
3.650046
3.650025
3.649904
3.649971
3.649854
3.649766
3.649754
3.649683
3.649621
3.649659
3.649321
3.649104
3.649100
3.649163
3.649067
3.649001
3.648942
3.648892
3.648800
3.648721
3.648700
3.648408
3.648450
3.648633
3.648504
3.648488
3.647613
3.647876
3.647979
3.648042
3.647934
3.647896
3.647809
3.647908
3.647517
3.647609
3.647625
3.647488
3.647471
3.647525
3.647305
3.647213
3.647059
3.647050
3.647088
3.647162
3.647084
3.646967
3.646883
3.646883
3.646805
3.646725
3.646430
3.646480
3.646455
3.646345
3.645859
3.646154
3.646204
3.646179
3.646167
3.646155
3.646037
3.646029
3.645951
3.645796
3.645900
3.645767
3.645788
3.645779
3.645646
3.645776
3.645671
3.645696
3.645709
3.645960
3.646055
3.646471
3.646596
3.646612
3.646693
3.646888
3.646992
3.647296
3.647425
3.647421
3.646166
3.646492
3.646692
3.646667
3.646688
3.646779
3.646792
3.646984
3.646850
3.646842
3.646941
3.647188
3.647238
3.647567
3.647504
3.647996
3.648688
3.649784
3.650688
3.651342
3.651346
3.650838
3.650904
3.650958
3.650117
3.650446
3.651596
3.652220
3.651076
3.650326
3.651113
3.652909
3.652121
3.651554
3.651851
3.652997
3.655105
3.657209
3.658154
3.658609
3.658954
3.659258
3.659876
3.660251
3.660680
3.660745
3.661342
3.661826
3.662146
3.662579
3.662983
3.663362
3.663841
3.664341
3.664813
3.665284
3.665721
3.666317
3.666808
3.667116
3.667588
3.668167
3.668672
3.668930
3.669108
3.669125
3.669547
3.669871
3.670700
3.671688
3.672312
3.672825
3.673150
3.673261
3.673421
3.673291
3.673479
3.673783
3.674797
3.675184
3.675579
3.675517
3.675558
3.676513
3.677488
3.677954
3.677310
3.678367
3.678059
3.678296
3.679400
3.680516
3.681283
3.682593
3.684500
3.686959
3.688963
3.690342
3.693162
3.695130
3.696763
3.697788
3.699142
3.700071
3.701942
3.703863
3.703654
3.704304
3.704280
3.706622
3.707692
3.708504
3.708699
3.709017
3.710813
3.711338
3.710550
3.708142
3.707617
3.706709
3.707950
3.708426
3.708470
3.705018
3.706950
3.704412
3.701892
3.702884
3.703696
3.705687
3.703526
3.705384
3.707525
3.706796
3.705122
3.704988
3.706672
3.706480
3.706700
3.708113
3.709317
3.710988
3.717147
3.720038
3.721843
3.723338
3.724071
3.725601
3.727493
3.728147
3.728142
3.729559
3.730055
3.730147
3.733680
3.738334
3.735164
3.729076
3.716409
3.732764
3.740971
3.743295
3.741000
3.741305
3.742738
3.744792
3.745071
3.743338
3.741287
3.734720
3.729662
3.726258
3.724221
3.722771
3.723900
3.728359
3.732499
3.725278
3.716817
3.715004
3.714916
3.712354
3.709904
3.709280
3.709492
3.710692
3.719147
3.736494
3.742846
3.743114
3.743971
3.744637
3.738556
3.724721
3.722129
3.721734
3.723680
3.733601
3.740625
3.745135
3.752542
3.753279
3.751046
3.749304
3.749734
3.751721
3.754588
3.754559
3.755064
3.756120
3.744894
3.727533
3.723300
3.722263
3.724704
3.732573
3.743885
3.747399
3.737344
3.728620
3.726243
3.727429
3.722283
3.720713
3.720230
3.720974
3.721700
3.722271
3.720459
3.720300
3.720434
3.720496
3.720475
3.720579
3.720800
3.721174
3.722151
3.723517
3.725196
3.723541
3.722271
3.721158
3.741865
3.769668
3.775376
3.778358
3.778942
3.779329
3.779241
3.778150
3.777730
3.778783
3.778442
3.777154
3.773904
3.773563
3.770321
3.767555
