47.00
45.00
45.00
47.00
45.00
47.00
45.00
46.00
46.00
46.00
46.00
46.00
46.00
46.00
46.00
46.00
45.00
45.00
46.00
45.00
46.00
46.00
46.00
47.00
45.00
46.00
46.00
46.00
45.00
46.00
46.00
46.00
46.00
46.00
45.00
46.00
46.00
46.00
46.00
46.00
46.00
45.00
46.00
45.00
45.00
45.00
45.00
45.00
45.00
45.00
46.00
45.00
45.00
45.00
46.00
46.00
46.00
46.00
46.00
46.00
46.00
46.00
46.00
46.00
46.00
45.00
46.00
45.00
46.00
46.00
46.00
46.00
46.00
46.00
46.00
46.00
46.00
46.00
46.00
45.00
46.00
46.00
46.00
46.00
46.00
46.00
46.00
45.00
46.00
45.00
46.00
46.00
46.00
46.00
46.00
46.00
46.00
46.00
46.00
46.00
46.00
46.00
45.00
46.00
46.00
46.00
46.00
46.00
45.00
45.00
46.00
46.00
45.00
45.00
46.00
46.00
46.00
46.00
46.00
45.00
46.00
45.00
46.00
46.00
45.00
45.00
46.00
46.00
45.00
46.00
46.00
46.00
46.00
46.00
46.00
46.00
46.00
46.00
46.00
45.00
46.00
46.00
46.00
46.00
46.00
45.00
45.00
46.00
46.00
46.00
46.00
45.00
46.00
45.00
46.00
46.00
46.00
46.00
46.00
46.00
46.00
46.00
46.00
46.00
46.00
45.00
46.00
46.00
45.00
46.00
45.00
46.00
46.00
46.00
46.00
46.00
46.00
46.00
46.00
46.00
46.00
45.00
46.00
45.00
45.00
46.00
46.00
46.00
46.00
46.00
46.00
46.00
46.00
45.00
46.00
45.00
45.00
46.00
46.00
46.00
45.00
46.00
46.00
46.00
45.00
46.00
46.00
46.00
46.00
46.00
46.00
46.00
46.00
46.00
46.00
46.00
45.00
46.00
46.00
45.00
46.00
45.00
46.00
46.00
45.00
45.00
45.00
45.00
45.00
46.00
46.00
46.00
45.00
45.00
46.00
45.00
45.00
46.00
45.00
46.00
45.00
45.00
45.00
46.00
46.00
45.00
45.00
46.00
46.00
45.00
46.00
46.00
46.00
46.00
45.00
46.00
46.00
46.00
45.00
46.00
46.00
46.00
46.00
46.00
46.00
46.00
46.00
46.00
46.00
46.00
45.00
45.00
45.00
46.00
45.00
46.00
46.00
46.00
46.00
45.00
46.00
46.00
45.00
45.00
46.00
46.00
45.00
46.00
45.00
46.00
46.00
46.00
46.00
46.00
46.00
46.00
46.00
46.00
46.00
46.00
46.00
46.00
46.00
45.00
45.00
46.00
46.00
46.00
45.00
46.00
46.00
45.00
46.00
46.00
45.00
45.00
46.00
45.00
46.00
46.00
46.00
46.00
46.00
46.00
46.00
46.00
46.00
46.00
46.00
45.00
45.00
46.00
45.00
46.00
46.00
46.00
46.00
46.00
45.00
46.00
45.00
46.00
46.00
46.00
46.00
46.00
46.00
46.00
46.00
46.00
46.00
46.00
45.00
45.00
46.00
46.00
46.00
46.00
46.00
46.00
46.00
46.00
46.00
46.00
46.00
46.00
46.00
46.00
46.00
46.00
46.00
46.00
46.00
46.00
46.00
46.00
45.00
45.00
45.00
46.00
45.00
45.00
46.00
46.00
46.00
46.00
46.00
46.00
46.00
45.00
45.00
46.00
45.00
46.00
45.00
46.00
45.00
46.00
46.00
46.00
46.00
45.00
45.00
46.00
46.00
46.00
46.00
46.00
46.00
46.00
46.00
46.00
45.00
46.00
45.00
46.00
45.00
46.00
45.00
46.00
45.00
45.00
45.00
46.00
46.00
46.00
45.00
46.00
46.00
46.00
46.00
46.00
46.00
46.00
46.00
46.00
46.00
46.00
45.00
46.00
46.00
46.00
46.00
45.00
45.00
46.00
46.00
46.00
45.00
45.00
45.00
45.00
46.00
46.00
46.00
45.00
45.00
46.00
45.00
46.00
46.00
45.00
46.00
45.00
45.00
45.00
45.00
45.00
46.00
45.00
45.00
45.00
45.00
45.00
45.00
45.00
45.00
45.00
45.00
46.00
45.00
45.00
45.00
45.00
45.00
45.00
45.00
45.00
45.00
45.00
45.00
45.00
45.00
44.00
44.00
44.00
44.00
44.00
43.00
43.00
43.00
43.00
43.00
43.00
43.00
43.00
42.00
42.00
42.00
42.00
42.00
42.00
42.00
42.00
42.00
42.00
41.00
41.00
41.00
41.00
41.00
41.00
41.00
41.00
41.00
41.00
41.00
41.00
41.00
41.00
41.00
41.00
41.00
40.00
40.00
40.00
40.00
40.00
40.00
40.00
40.00
40.00
40.00
40.00
40.00
40.00
40.00
40.00
40.00
40.00
40.00
40.00
39.00
39.00
39.00
39.00
39.00
39.00
39.00
39.00
39.00
39.00
39.00
39.00
39.00
39.00
39.00
39.00
39.00
39.00
39.00
39.00
39.00
39.00
39.00
39.00
39.00
39.00
39.00
40.00
40.00
40.00
40.00
40.00
40.00
40.00
40.00
40.00
40.00
40.00
40.00
40.00
40.00
40.00
40.00
40.00
40.00
40.00
39.00
39.00
39.00
39.00
39.00
39.00
39.00
39.00
39.00
39.00
39.00
39.00
39.00
39.00
39.00
39.00
39.00
39.00
38.00
38.00
38.00
38.00
38.00
38.00
38.00
38.00
38.00
39.00
39.00
39.00
39.00
39.00
39.00
39.00
40.00
40.00
40.00
40.00
41.00
41.00
41.00
41.00
41.00
41.00
40.00
40.00
40.00
40.00
40.00
40.00
40.00
40.00
40.00
40.00
40.00
40.00
39.00
39.00
39.00
39.00
39.00
40.00
39.00
39.00
39.00
39.00
39.00
39.00
39.00
39.00
40.00
40.00
40.00
40.00
40.00
40.00
40.00
41.00
41.00
41.00
41.00
42.00
42.00
42.00
42.00
42.00
42.00
42.00
42.00
42.00
42.00
43.00
42.00
43.00
43.00
43.00
43.00
42.00
41.00
40.00
39.00
38.00
37.00
36.00
36.00
35.00
35.00
35.00
34.00
34.00
34.00
