17.18
17.17
17.03
16.92
16.90
16.85
16.88
16.82
16.95
16.97
16.95
16.97
16.93
16.95
16.93
16.92
16.93
17.05
17.17
17.18
17.28
17.33
17.43
17.38
17.50
17.53
17.58
17.63
17.65
17.73
17.62
17.62
17.58
17.65
17.57
17.58
17.68
17.63
17.78
17.67
17.60
17.45
17.45
17.35
17.32
17.35
17.25
17.35
17.25
17.23
17.15
17.13
17.03
17.00
17.15
17.17
17.32
17.50
17.63
17.75
17.72
17.75
17.73
17.62
17.58
17.45
17.38
17.33
17.33
17.23
17.17
17.10
17.05
16.87
16.82
16.72
16.73
16.63
16.82
16.70
16.73
16.70
16.70
16.80
16.85
16.83
16.87
16.85
16.97
16.95
16.85
17.02
16.80
16.87
16.87
16.73
16.72
16.63
16.68
16.68
16.75
16.80
16.85
16.82
17.07
17.00
16.95
17.15
17.13
17.15
17.15
16.97
16.97
16.92
16.97
16.77
16.88
16.70
16.68
16.70
16.53
16.68
16.57
16.57
16.63
16.60
16.53
16.37
16.47
16.40
16.57
16.72
16.75
16.80
17.00
16.93
16.95
17.00
16.87
16.80
16.78
16.63
16.72
16.72
16.63
16.58
16.65
16.70
16.73
16.72
16.80
16.68
16.72
16.62
16.48
16.32
16.30
16.27
16.30
16.17
16.27
16.13
16.23
16.27
16.07
16.08
16.00
15.98
15.93
15.88
15.93
15.80
15.77
15.67
15.73
15.75
15.72
15.63
15.67
15.68
15.63
15.63
15.65
15.62
15.60
15.60
15.52
15.62
15.65
15.75
15.75
15.80
15.85
15.90
15.88
15.75
15.70
15.73
15.72
15.65
15.68
15.62
15.57
15.60
15.63
15.80
15.78
15.88
15.92
16.02
16.05
16.15
16.27
16.28
16.38
16.48
16.62
16.68
16.78
16.82
16.92
17.07
16.93
16.98
17.03
16.92
16.90
16.78
16.80
16.75
16.85
16.68
16.58
16.53
16.57
16.35
16.27
16.23
16.22
16.12
16.08
15.95
15.78
15.73
15.68
15.63
15.53
15.52
15.38
15.33
15.42
15.50
15.53
15.70
15.82
15.87
16.15
16.27
16.40
16.37
16.40
16.35
16.33
16.25
16.25
16.05
15.92
15.87
15.80
15.63
15.65
15.50
15.43
15.33
15.38
15.42
15.27
15.27
15.35
15.33
15.42
15.42
15.38
15.22
15.33
15.23
15.13
15.23
15.20
15.18
15.13
15.07
15.12
15.03
14.95
14.98
14.97
14.95
14.98
15.00
14.97
14.90
15.18
15.22
15.22
15.28
15.37
15.48
15.53
15.70
15.63
15.70
15.72
15.67
15.58
15.60
15.52
15.43
15.50
15.48
15.37
15.28
15.23
15.18
15.20
15.13
15.12
15.07
15.05
15.08
14.90
14.85
14.85
14.90
15.03
15.12
15.13
15.27
15.23
15.45
15.48
15.50
15.62
15.83
15.77
15.73
15.80
15.82
15.82
15.83
15.87
15.92
15.83
15.70
15.82
15.73
15.57
15.67
15.63
15.45
15.47
15.78
15.45
15.38
15.40
15.38
15.48
15.35
15.47
15.48
15.50
15.53
15.65
15.62
15.70
15.90
15.85
15.85
16.18
16.08
16.28
16.35
16.43
16.48
16.60
16.57
16.73
16.90
17.25
17.53
18.00
18.55
19.17
19.75
20.22
21.08
22.23
23.32
24.73
26.10
27.35
28.82
30.57
33.30
36.77
41.03
46.07
51.98
58.60
66.18
74.77
84.50
95.72
108.74
122.79
137.14
150.89
165.07
180.47
202.44
233.34
267.80
299.20
329.09
359.59
396.57
448.33
520.70
606.56
665.04
700.75
733.64
778.83
859.93
957.38
1037.59
1064.80
1030.31
1018.59
1062.53
1157.86
1262.38
1359.79
1416.04
1428.40
1443.19
1508.73
1618.86
1711.31
1777.73
1871.56
1867.70
1879.98
1858.97
1883.00
2023.96
2198.79
2453.15
2385.08
1959.03
1869.83
2185.01
2458.91
2877.49
3332.60
3786.66
5039.72
6820.59
9171.01
10851.30
11599.54
11152.96
9783.77
9452.80
8841.83
7413.77
8565.38
11115.34
11690.81
9223.21
7833.63
11547.48
12958.85
10694.03
9147.56
9588.45
11195.35
13601.60
15515.11
15943.23
15796.26
15645.13
15607.71
15676.04
15700.20
15723.04
15775.81
15830.96
15905.50
15993.71
16060.78
16128.59
16181.24
16235.44
16273.14
16322.44
16392.20
16501.96
16623.67
16768.58
16954.28
17229.71
17582.35
17724.18
17661.22
17593.40
17534.89
17465.13
17422.80
17940.84
18189.48
18379.34
18457.36
18358.25
18252.80
18372.44
18418.22
18523.17
18863.47
19331.56
19368.28
19425.02
19215.04
18895.14
18976.34
19056.05
18902.67
18437.17
18831.40
18615.96
18740.04
18769.37
18683.70
18257.01
18355.46
18176.47
18345.93
19067.93
18947.17
18806.55
18545.00
18489.16
18409.10
18542.89
18592.94
18764.83
18918.06
18856.17
18803.07
18662.73
19088.94
19107.64
19077.75
18942.24
18842.05
19168.77
19124.84
18733.02
17933.74
17719.77
17353.46
17648.89
17720.42
17632.98
16673.64
17101.60
16029.14
15090.06
15317.16
15507.31
16096.18
15179.93
15461.31
15638.01
15503.08
15181.85
15041.33
15592.46
16043.46
16551.44
17182.56
17519.69
17733.60
18611.63
18908.08
19057.04
19139.58
19168.37
19379.75
19566.35
19494.69
19471.93
19952.52
20314.97
20589.69
21231.75
21519.01
19885.37
17533.12
13016.53
18142.86
19718.52
20041.59
19374.38
19342.48
19378.56
19580.40
19660.42
19084.20
18310.53
17435.88
16391.52
15416.54
14817.24
14749.01
14776.53
14638.74
14508.23
14602.98
13249.79
12159.36
11093.97
9981.66
9053.13
9040.14
9881.42
11556.27
13757.39
15124.01
15853.88
16443.55
16911.53
17024.75
16898.08
16525.78
15509.36
14419.79
14226.61
14222.94
14430.85
15721.39
17139.86
17741.96
17943.34
17928.10
17924.81
18012.27
18372.07
18540.23
18501.81
18728.35
19056.81
18608.14
15847.85
12974.61
12846.10
14375.75
15236.89
15440.93
15632.68
14102.48
11206.25
10756.71
9787.07
8092.82
7450.09
7406.13
7541.20
7587.94
7512.76
7527.27
7613.10
8095.28
8108.17
8112.94
7946.56
7650.59
8417.59
8714.48
8488.51
7931.33
7355.02
6851.86
15577.60
21412.43
22201.19
22596.92
22830.05
23096.00
23198.92
23207.89
23460.12
24436.50
25080.73
25201.73
24923.21
25056.15
24895.62
24636.60
